intrinsic:
  fx: 1182.4735751779265
  fy: 1182.4488544726396
  cx: 972.6365668549674
  cy: 559.7427654253773
  s: 0

distortion:
  k1: -0.03321919518384626
  k2: 0.029590452939098323
  p1: 0.000490398654005269
  p2: 0.00039500797711951226
  k3: -0.07235092908960876

extrinsic:
  left:
    x: 10.572876858546042
    y: -0.01863073134244439
    z: -31.743646277283943
    rotation: [-0.8103404814139878, 0.004617779035312209, -0.585941106510311, -0.007989894093730191,
      -0.9999630584070862, 0.003169134506060649, -0.5859048265496004, 0.007249685367487331,
      0.8103474417112422]
  right:
    x: -11.779823283374062
    y: 0.0572898993058104
    z: -31.25828829951778
    rotation: [-0.8107913612109253, 0.009403977763430058, 0.5852597148172423, -0.006464762001095442,
      -0.9999538169095209, 0.007111321983268498, 0.5852995604286781, 0.0019822336657009795,
      0.8108147108382349]

refraction:
  n21: 1.4303
  h0: 0.0
  theta: 0.0
  phi: 0.0
