intrinsic:
  fx: 1182.6818157612818
  fy: 1182.466824914221
  cx: 969.0128833791854
  cy: 578.5866484976236
  s: 0

distortion:
  k1: -0.041786107771668926
  k2: 0.05272931695267557
  p1: 0.0005663593614839643
  p2: 0.0009459288512828239
  k3: -0.0901974554521318

extrinsic:
  left:
    x: 10.90975791630158
    y: -0.5237567936437276
    z: -31.67226605994412
    rotation: [-0.8115062493982286, -0.0072026990413776235, -0.5842993482061566, 0.0007940868820138238,
      -0.999936700137982, 0.011223419407082743, -0.5843432010502423, 0.008643890540885268,
      0.8114606007334387]
  right:
    x: -11.56318417718619
    y: -0.19441851185694875
    z: -31.3806030919325
    rotation: [-0.8052033693981008, -0.0009414074910078248, 0.5929980165749981, -0.002519946863011797,
      -0.9999842786266722, -0.005009228214197233, 0.5929934095567617, -0.005527770927796027,
      0.8051883381984719]

refraction:
  n21: 1.4303
  h0: 0.0
  theta: 0.0
  phi: 0.0
